150
219
221
116
94
128
94
113
108
227
16
76
23
221
205
23
199
16
75
172
10
238
229
245
62
82
150
79
202
137
197
123
15
31
188
182
73
220
49
246
237
53
49
97
12
21
96
84
233
162
194
53
188
73
170
24
123
76
7
15
188
95
155
183
232
27
240
32
220
206
208
160
76
69
48
54
158
210
107
220
227
150
125
139
165
86
94
102
85
175
52
88
33
71
25
168
86
199
143
149
243
66
207
188
188
195
44
48
37
63
133
120
1
222
255
145
244
120
232
43
210
47
22
13
213
141
34
39
71
60
230
175
21
214
132
37
86
142
88
5
255
245
196
243
171
45
128
132
174
105
